[78, 206]
[72, 135]
[80, 208]
[75, 237]
[68, 228]
[77, 127]
[77, 129]
[68, 129]
[76, 244]
[62, 244]
[63, 179]
[75, 134]
[68, 208]
[70, 235]
[62, 129]
[80, 127]
[65, 137]
[63, 232]
[76, 169]
[77, 169]
[66, 202]
[78, 126]
[71, 127]
[62, 163]
[67, 206]
[72, 246]
[73, 242]
[69, 181]
[66, 206]
[70, 199]
[77, 130]
[80, 250]
[66, 203]
[69, 170]
[78, 127]
[65, 197]
[75, 198]
[60, 138]
[61, 170]
[79, 229]
[79, 127]
[72, 147]
[69, 214]
[66, 249]
[66, 222]
[77, 199]
[80, 229]
[61, 193]
[69, 147]
[75, 219]
[75, 235]
[69, 201]
[78, 224]
[72, 120]
[61, 234]
[69, 183]
[70, 131]
[73, 161]
[65, 168]
[76, 127]
[71, 120]
[60, 160]
[74, 159]
[67, 225]
[67, 162]
[71, 207]
[74, 142]
[71, 120]
[63, 198]
[68, 171]
[78, 159]
[78, 223]
[71, 227]
[70, 126]
[72, 167]
[79, 212]
[61, 217]
[73, 194]
[71, 233]
[80, 131]
[72, 216]
[65, 239]
[60, 165]
[60, 203]
[77, 235]
[80, 217]
[76, 164]
[61, 128]
[79, 202]
[62, 206]
[63, 134]
[68, 184]
[75, 184]
[66, 152]
[74, 222]
[79, 123]
[60, 138]
[61, 198]
[78, 146]
[70, 155]
[68, 172]
[70, 221]
[68, 137]
[77, 163]
[62, 208]
[69, 151]
[76, 162]
[64, 170]
[63, 206]
[60, 136]
[73, 123]
[66, 133]
[61, 179]
[72, 199]
[78, 211]
[60, 223]
[77, 247]
[68, 131]
[65, 208]
[67, 141]
[67, 219]
[70, 172]
[63, 131]
[60, 164]
[78, 134]
[61, 245]