196.21
163.26
174.68
173.22
194.62
181.76
186.84
191.44
161.50
197.76
164.81
176.45
166.93
167.08
183.48
184.26
196.49
183.28
198.71
195.46
187.64
167.08
174.14
179.05
176.49
196.91
193.42
175.13
189.39
166.97
163.90
192.87
187.30
161.56
176.24
161.32
197.23
198.78
197.68
169.43
172.66
165.80
171.55
167.86
182.65
185.05
177.73
178.45
165.57
192.32
171.25
169.37
166.02
176.58
179.07
174.41
194.91
179.09
169.16
167.97
160.50
177.07
164.16
194.03
172.02
192.55
161.48
169.66
181.04
167.25
180.39
187.04
182.28
173.91
195.29
161.81
183.39
188.97
198.74
180.05
196.79
190.96
174.70
177.52
172.56
198.32
166.13
180.04
181.93
178.90
187.81
177.43
167.24
196.88
188.40
160.47
189.58
192.13
186.16
197.48