122
178
198
165
156
172
203
187
216
221
167
220
169
144
158
164
222
122
148
187
214
203
131
212
180
232
122
137
179
249
180
168
133
229
156
120
190
196
187
209
125
170
250
201
178
158
139
139
164
228
203
155
217
214
162
220
161
222
120
196
149
194
183
169
148
169
151
128
186
204
181
134
188
185
167
212
122
197
149
222
149
186
206
179
179
154
153
184
148
244
198
128
172
225
204
193
193
200
211
150
159
141
185
153
156
200
175
232
187
231
132